-52.35034
-161.1647
-175.1056
-22.46006
-42.30744
-159.3574
-19.21912
-166.4586
-93.15542
-71.67232
-25.66155
-145.4475
-193.6506
-67.83494
-85.32385
-45.7118
-92.6909
-22.80839
-112.032
-26.8102
-151.1331
-1755.337
-1922.999
-47.58518
-232.7654
-1801.732
51.46838
-1260.632
-592.316
-176.2368
-65.03323
-217.7584
-2156.853
-127.4822
-311.8752
-140.8328
-546.6553
0.42228
-541.4163
-1.727865
216.9615
609.1381
649.229
49.65743
279.2919
639.7994
-9.930243
876.4046
262.0911
197.2064
60.03258
209.4314
944.5666
115.1061
228.6674
86.66165
223.2031
22.72559
402.8609
28.36248